000000000000006000000000000000
000000000000000000000000000000
000000010000000000000010000000
000000000000200000000000000000
000000000000000000000000000000
000000010000000000000010000000
000000000000000000000000000000
000000000000000000000000000000
000000000000000000000000000000
000450000000000000000000000000
000000000000000000000000000000
000000000000000000000000000000
000000010000000000000010000000
000000000000003000000000000000
000000000000000000000000000000
000000010000000000000010000000
000000000000000000000000000000
000000000000000000000000000000

